0:
..#
.##
##.

1:
###
.##
..#

2:
.##
##.
###

3:
###
.#.
###

4:
###
.##
.##

5:
###
#..
###

50x45: 40 43 39 39 40 39
46x50: 42 29 57 27 43 41
45x47: 43 45 37 42 31 27
50x39: 41 39 26 30 33 38
35x45: 39 40 37 39 39 48
39x42: 39 31 35 47 47 51
36x36: 28 39 35 33 31 33
35x47: 40 43 46 31 47 46
50x37: 44 48 52 46 52 42
35x48: 29 33 38 18 25 32
38x48: 45 45 39 53 48 50
49x39: 36 35 37 31 36 32
35x50: 47 44 41 37 51 50
43x41: 45 36 45 55 43 46
47x50: 35 44 42 40 44 35
47x40: 30 42 41 29 31 22
37x40: 26 23 34 22 25 26
38x35: 18 20 20 24 25 25
36x39: 23 22 30 29 25 27
41x45: 34 25 37 28 40 30
50x41: 32 39 33 41 39 23
49x48: 61 52 63 60 53 72
49x36: 50 31 45 41 49 55
49x47: 42 44 42 33 43 36
39x38: 20 27 23 31 28 26
50x50: 43 38 33 47 52 42
47x36: 28 33 29 28 34 28
39x50: 56 57 46 39 52 53
37x42: 40 37 34 36 42 50
35x46: 26 35 34 25 22 23
45x44: 42 40 34 41 21 31
35x47: 36 38 57 44 39 37
38x48: 35 33 39 27 20 38
40x40: 26 28 22 34 38 21
39x44: 52 33 51 41 48 40
36x45: 37 29 31 31 25 26
43x35: 30 25 26 24 25 23
48x37: 62 44 48 38 44 42
45x40: 32 46 40 55 54 46
40x45: 49 52 36 53 44 45
39x39: 31 45 39 43 37 38
43x36: 18 32 30 31 33 24
41x41: 40 37 45 46 44 45
40x48: 39 35 37 33 31 32
44x44: 28 28 30 45 35 29
40x35: 33 27 24 23 22 13
49x42: 59 56 52 51 59 42
37x41: 39 33 42 38 41 40
46x49: 56 60 44 67 62 58
46x38: 31 35 25 30 30 28
39x47: 33 31 29 23 39 39
49x48: 38 43 44 36 43 51
44x50: 33 38 41 37 32 43
46x46: 37 40 35 31 41 40
38x36: 38 30 55 33 33 22
49x44: 35 48 64 62 62 54
47x40: 20 36 34 33 40 32
45x41: 55 46 40 51 40 54
42x43: 30 20 35 39 34 38
49x49: 48 41 37 50 38 42
45x39: 47 54 47 39 40 45
48x44: 54 25 44 24 38 39
48x39: 46 44 66 56 38 37
47x41: 51 49 49 56 43 49
39x37: 17 27 37 25 20 30
39x48: 58 40 42 54 51 45
43x38: 45 44 39 47 44 34
36x47: 42 41 36 38 54 49
50x47: 61 60 61 57 61 62
49x49: 40 33 50 45 37 51
35x49: 24 23 34 32 32 31
36x39: 40 34 38 31 35 39
36x41: 27 33 25 25 23 22
45x42: 61 43 42 51 41 56
45x36: 30 31 22 30 32 35
37x38: 35 33 35 40 41 32
50x40: 32 32 40 27 43 34
45x36: 48 39 45 38 44 37
48x45: 44 40 42 52 24 38
46x35: 22 26 25 28 26 37
43x36: 31 25 32 24 23 32
41x37: 25 24 34 18 25 29
44x50: 53 52 51 64 68 49
39x47: 33 27 33 28 42 32
50x49: 59 77 54 56 66 66
49x46: 62 62 50 60 55 60
48x40: 42 32 38 26 27 43
40x37: 36 43 33 30 47 39
37x38: 18 21 25 26 26 28
35x43: 23 18 30 25 26 31
48x37: 42 41 43 58 41 47
39x48: 28 36 36 28 36 43
41x39: 38 34 27 30 23 17
36x43: 33 32 30 25 23 25
46x35: 19 34 28 31 28 25
39x48: 41 52 52 43 46 53
47x42: 57 45 64 54 46 39
50x42: 57 44 48 57 55 62
44x35: 32 31 20 24 25 22
37x49: 21 38 32 36 34 31
42x41: 36 31 32 24 29 29
43x48: 55 56 52 55 62 39
42x35: 33 37 41 36 40 38
40x38: 29 23 27 26 33 17
43x35: 25 29 30 24 19 26
41x35: 25 19 28 23 25 23
50x41: 42 42 51 67 57 52
48x47: 50 57 59 53 63 63
36x41: 33 28 24 24 24 22
42x48: 45 38 31 36 31 43
41x47: 34 24 39 35 30 32
39x38: 34 26 23 24 23 25
46x47: 36 30 37 33 47 42
35x45: 32 31 32 20 20 29
47x35: 20 20 35 27 31 32
47x36: 33 30 28 27 34 27
40x44: 32 30 35 21 32 31
37x45: 26 25 34 34 28 32
42x42: 27 29 39 33 31 36
44x42: 47 50 59 47 39 43
41x50: 30 35 36 45 27 35
38x35: 22 14 29 18 29 20
47x36: 35 34 30 25 31 24
49x42: 47 51 55 50 61 51
43x47: 34 28 39 37 28 44
36x37: 30 34 38 34 35 33
41x50: 38 29 37 37 27 39
36x41: 26 24 28 25 24 29
40x50: 46 40 56 64 55 44
41x39: 26 27 22 32 33 28
35x41: 25 17 17 32 30 21
47x39: 48 56 49 48 37 46
45x42: 46 38 28 24 38 35
39x35: 38 33 44 31 29 36
37x43: 35 52 47 34 37 40
42x46: 36 41 39 29 35 30
38x41: 38 52 28 35 41 47
50x48: 44 59 72 55 81 53
45x42: 44 29 31 31 35 39
40x46: 28 37 36 24 28 41
46x41: 35 30 30 31 35 34
49x35: 38 26 25 30 35 22
38x42: 30 27 26 26 25 34
49x43: 33 44 50 29 34 34
48x45: 52 42 38 35 35 38
44x45: 48 58 57 39 55 48
43x48: 47 52 59 56 39 63
38x40: 40 36 46 26 44 42
50x44: 54 64 65 47 57 52
42x37: 35 41 41 34 43 44
50x39: 33 31 37 36 34 36
39x48: 62 32 60 55 34 47
48x42: 40 48 35 27 39 34
46x42: 30 35 36 33 39 36
48x44: 52 57 59 52 57 48
49x40: 37 32 28 33 40 38
45x40: 32 35 32 30 35 30
48x39: 37 43 29 33 33 33
47x50: 41 45 39 39 42 33
47x50: 31 36 40 36 48 49
50x39: 46 30 27 33 40 31
48x46: 47 63 62 56 52 58
39x48: 36 32 37 36 35 31
44x43: 39 37 25 34 33 27
46x39: 40 35 34 25 21 40
48x36: 25 22 35 25 49 35
46x44: 58 41 50 58 44 61
48x36: 34 29 34 39 28 28
48x49: 53 68 61 67 54 58
45x42: 40 65 42 38 53 53
44x37: 25 31 24 26 29 32
36x47: 29 26 34 33 30 28
42x35: 31 35 40 43 40 35
49x36: 28 35 29 30 32 37
42x37: 41 34 35 42 42 45
50x38: 48 54 49 48 44 50
40x42: 33 33 25 30 31 29
49x47: 39 44 43 36 38 39
35x35: 24 15 25 21 17 19
41x49: 34 30 38 36 35 34
44x48: 25 48 46 28 37 40
38x42: 32 15 27 40 27 26
44x42: 49 32 54 53 49 46
37x48: 39 48 46 49 42 48
45x46: 35 41 38 35 48 27
48x38: 54 46 49 39 50 45
50x42: 37 38 41 35 30 42
45x46: 53 47 52 56 57 53
40x43: 59 42 52 43 31 42
39x48: 28 38 37 35 33 37
47x45: 32 47 40 31 41 34
44x37: 24 30 28 38 18 29
41x50: 42 24 39 31 45 27
36x43: 31 31 24 36 22 23
42x47: 39 35 33 34 28 40
38x36: 39 35 36 35 39 28
48x40: 39 43 33 35 30 28
38x37: 25 26 18 27 22 25
41x41: 58 42 42 42 41 38
35x40: 21 26 30 23 18 24
49x35: 31 33 27 34 29 22
45x35: 30 19 23 39 28 25
43x41: 29 33 31 26 31 31
48x40: 54 63 57 34 42 49
46x36: 38 29 40 50 48 47
35x35: 23 21 14 18 26 19
43x50: 59 40 63 55 54 59
45x39: 50 48 39 52 35 48
48x38: 54 53 42 46 45 44
41x36: 20 31 29 23 30 23
38x36: 29 27 40 31 43 38
43x39: 25 25 32 37 33 29
40x41: 17 34 25 30 34 29
49x37: 25 38 29 29 38 32
46x44: 56 54 31 51 55 66
43x43: 26 38 28 36 32 35
49x50: 40 42 45 43 41 45
48x40: 26 47 33 40 28 34
38x44: 34 27 25 29 31 21
46x41: 35 34 26 38 29 32
37x44: 39 43 53 38 40 37
43x40: 45 49 38 36 46 52
47x39: 37 30 23 48 25 32
49x39: 39 36 36 36 27 34
47x43: 55 51 39 46 62 59
49x48: 55 37 37 39 47 40
39x39: 47 41 36 47 33 33
44x45: 28 31 41 33 33 44
45x47: 36 26 35 34 52 41
41x40: 30 48 39 47 54 32
46x47: 49 63 53 51 53 63
50x36: 32 41 32 28 30 29
43x47: 51 39 60 51 59 49
38x50: 43 57 43 53 44 52
47x43: 32 33 39 31 35 40
40x44: 40 55 47 44 48 37
48x39: 33 37 35 34 35 33
37x43: 48 32 37 39 44 46
35x40: 22 14 30 23 24 29
45x44: 52 55 51 46 51 51
48x35: 19 32 28 38 26 32
44x37: 28 21 31 36 25 26
48x35: 50 45 40 38 47 41
50x50: 35 48 46 41 46 39
35x44: 22 30 24 18 17 43
42x35: 32 31 29 22 18 21
45x44: 34 37 35 40 32 31
50x44: 43 35 29 44 39 34
48x35: 26 27 24 35 33 30
50x45: 54 70 63 50 55 55
47x39: 45 48 51 58 37 43
46x35: 28 33 20 28 26 29
47x37: 29 33 29 26 21 41
35x35: 28 20 15 16 21 20
40x39: 43 39 42 37 46 34
40x49: 55 56 46 44 52 51
42x47: 33 42 39 33 36 27
40x43: 29 39 35 24 27 27
47x38: 28 27 30 32 33 29
49x40: 36 31 34 36 25 46
41x40: 50 35 45 44 39 41
39x39: 29 28 31 32 27 22
45x37: 53 39 37 45 47 38
48x43: 33 44 34 37 32 43
50x38: 50 48 59 48 48 40
36x35: 19 24 17 21 27 23
48x47: 56 58 57 51 64 61
35x41: 22 19 20 28 30 24
44x49: 49 62 55 59 51 55
41x48: 34 37 43 24 32 38
39x42: 27 29 28 34 38 25
49x45: 36 42 43 40 37 41
41x38: 48 46 38 33 37 41
47x42: 43 52 49 54 61 43
49x40: 46 39 57 58 53 46
36x41: 32 33 50 45 34 31
44x45: 31 33 33 41 36 35
36x39: 23 38 19 22 26 28
37x45: 30 29 36 29 35 21
42x49: 45 47 54 61 61 46
35x39: 37 36 34 33 28 43
47x42: 46 54 54 46 47 56
37x43: 32 27 25 29 33 22
50x44: 41 42 28 34 38 41
42x36: 20 32 26 32 32 25
42x38: 45 34 36 41 45 45
44x50: 42 40 39 33 35 34
45x35: 28 28 20 24 32 33
49x44: 39 23 40 47 45 30
41x40: 40 28 29 25 23 23
36x42: 29 39 42 44 43 33
50x36: 44 56 51 46 38 43
48x46: 48 47 51 63 54 73
36x36: 25 29 22 19 25 23
35x40: 30 36 40 30 43 35
43x39: 45 38 29 45 43 58
48x41: 32 48 39 28 24 37
43x36: 26 19 31 31 28 33
38x40: 36 23 55 33 36 48
49x49: 46 39 46 41 36 47
47x45: 33 39 31 53 34 35
48x49: 45 69 69 53 57 66
49x46: 40 59 52 64 58 69
39x38: 24 27 25 28 27 24
46x35: 49 46 42 34 42 38
37x48: 23 43 32 34 30 29
38x36: 35 38 43 30 35 30
49x42: 33 40 42 34 44 30
40x45: 31 33 23 34 36 38
50x42: 33 34 37 39 42 38
38x43: 42 43 44 52 39 32
43x46: 52 43 58 45 51 55
39x36: 23 21 27 33 23 28
45x43: 44 46 51 53 56 46
42x39: 30 21 25 39 27 39
45x43: 54 56 53 50 42 45
47x47: 48 65 49 56 59 62
46x39: 26 37 35 25 29 43
39x44: 31 26 23 35 37 30
36x42: 22 28 32 24 22 39
36x38: 34 33 29 43 34 37
39x42: 42 39 37 42 42 50
46x50: 37 46 37 37 42 41
39x45: 39 35 28 37 29 27
36x41: 21 21 30 29 22 33
41x44: 32 32 23 33 30 31
45x37: 40 39 41 46 46 43
42x41: 39 52 39 42 45 48
49x36: 50 45 54 41 36 47
35x35: 33 38 29 21 27 42
40x43: 24 32 35 29 36 25
42x47: 35 37 38 33 38 29
44x40: 48 39 42 47 55 40
39x36: 23 26 29 27 24 27
48x42: 44 58 61 61 39 46
35x45: 24 33 27 32 30 19
36x49: 28 34 40 31 18 41
48x49: 54 45 46 33 39 38
42x44: 36 27 40 36 26 30
42x43: 47 43 41 38 47 62
37x46: 42 47 45 42 45 41
37x45: 21 33 30 27 40 29
44x39: 50 37 40 54 34 50
46x47: 59 42 56 64 51 60
44x39: 35 36 25 34 22 30
45x40: 45 47 49 46 39 51
44x41: 26 26 39 32 31 28
49x41: 46 52 56 62 52 40
37x35: 26 19 19 19 21 28
38x50: 50 55 51 52 41 45
36x43: 27 25 35 28 26 27
42x50: 35 35 35 30 45 43
37x38: 30 31 38 42 42 31
45x38: 25 35 35 31 25 29
42x35: 36 30 36 48 33 42
38x42: 32 25 24 25 27 35
43x40: 50 40 43 43 47 43
40x45: 41 30 38 23 35 28
45x37: 45 43 40 40 42 47
38x36: 26 41 35 43 40 24
48x46: 46 40 33 33 46 41
45x39: 32 34 35 40 24 29
47x49: 58 63 55 73 50 56
48x48: 65 50 63 56 57 64
50x45: 34 43 44 36 50 33
50x36: 40 22 27 41 35 27
50x42: 47 51 54 51 52 66
42x35: 38 34 39 39 39 37
41x42: 58 42 44 47 47 31
39x49: 34 36 32 30 42 33
37x37: 43 34 41 29 33 33
40x42: 50 38 38 44 44 46
37x49: 34 29 30 37 32 29
37x41: 40 38 42 33 40 41
44x41: 42 34 47 44 53 55
37x36: 25 43 34 33 42 27
43x40: 40 53 44 50 45 33
44x40: 32 28 37 25 34 25
41x39: 42 31 41 39 46 46
41x42: 42 33 42 54 40 52
35x37: 29 37 30 37 33 33
46x37: 46 46 51 33 50 37
41x40: 44 54 42 46 40 29
48x50: 42 37 38 45 50 44
49x44: 37 43 40 32 32 40
42x42: 39 30 33 30 36 27
43x47: 44 31 36 27 38 33
50x37: 43 51 48 45 38 59
49x39: 51 51 52 52 52 37
45x48: 43 43 33 31 37 53
44x39: 33 27 30 27 39 25
37x48: 42 43 39 51 37 60
37x42: 50 44 33 40 40 36
47x41: 61 50 43 41 53 52
49x44: 37 44 31 37 37 37
46x48: 56 71 63 58 47 47
36x41: 41 36 35 40 33 43
48x48: 58 57 60 58 59 62
50x44: 52 47 62 61 63 51
35x44: 32 40 36 47 31 49
43x43: 33 30 33 30 31 39
44x43: 54 48 47 41 46 57
49x35: 24 26 34 39 23 29
36x47: 50 40 41 44 45 42
36x44: 25 33 32 22 26 30
44x38: 34 49 44 46 46 37
50x50: 43 36 47 46 33 51
37x38: 29 22 27 22 23 20
44x41: 36 32 20 37 27 30
50x47: 36 38 42 42 45 37
36x43: 32 25 29 28 28 26
39x45: 46 42 45 49 41 47
37x38: 34 30 35 37 46 33
44x44: 48 38 51 43 64 52
50x42: 28 31 32 54 37 41
44x46: 53 52 57 49 55 46
41x36: 21 22 29 35 25 23
42x37: 33 35 21 25 25 29
39x42: 25 36 27 24 36 33
41x35: 40 37 35 38 30 42
36x44: 29 21 27 34 23 33
49x45: 35 44 41 43 34 42
39x46: 48 47 35 58 42 47
45x42: 39 36 34 29 32 39
48x50: 59 78 59 58 57 60
49x36: 28 33 31 36 39 25
41x40: 37 40 40 42 42 50
49x49: 63 68 53 69 61 57
36x35: 34 28 30 20 40 42
49x37: 40 25 28 41 22 35
46x47: 47 65 58 51 51 60
37x40: 35 21 22 23 32 23
49x36: 44 44 33 48 45 57
46x40: 31 33 37 25 35 33
36x36: 38 18 37 28 36 42
44x47: 48 60 53 52 63 42
45x44: 37 35 34 34 38 32
38x37: 23 20 33 26 17 24
49x35: 20 31 38 32 29 26
40x38: 30 24 30 23 27 22
40x35: 27 21 29 24 20 22
48x48: 45 49 47 47 31 37
39x36: 43 33 29 40 44 29
40x46: 28 41 36 33 32 25
38x48: 50 47 40 49 56 40
47x39: 32 27 37 38 31 30
46x42: 50 52 57 52 44 43
50x35: 38 27 21 24 33 33
44x41: 48 50 50 40 38 53
41x43: 26 21 38 33 31 32
39x49: 53 46 38 54 64 40
46x40: 44 57 56 41 36 50
50x49: 65 50 55 65 73 68
49x42: 47 50 54 44 59 61
48x37: 44 53 47 43 39 48
42x49: 51 51 63 43 61 47
40x39: 25 29 28 33 21 32
48x45: 45 29 41 37 39 48
43x35: 44 37 52 31 33 36
36x49: 34 34 33 24 31 35
43x46: 43 29 28 45 31 34
35x39: 16 26 15 29 28 28
42x44: 46 45 49 44 58 42
46x37: 30 33 31 26 26 33
50x42: 46 52 51 56 60 56
45x45: 39 37 34 36 39 40
38x35: 39 40 39 16 35 38
39x35: 41 36 36 34 29 36
35x48: 30 34 26 30 27 28
40x37: 41 46 35 36 37 35
41x46: 55 52 42 46 57 41
46x41: 62 45 53 44 39 51
39x43: 35 20 31 28 43 24
48x48: 39 46 40 61 34 36
37x39: 38 33 42 43 38 28
43x38: 25 30 41 27 25 20
46x50: 40 43 40 57 32 27
46x36: 41 39 44 42 45 43
39x37: 22 20 29 23 31 31
40x50: 28 32 41 31 44 32
45x43: 47 42 56 56 53 42
48x41: 44 50 46 53 62 46
35x40: 21 26 24 22 30 20
37x48: 48 50 46 51 31 49
38x46: 29 35 26 23 32 34
37x40: 29 26 25 25 26 25
45x50: 54 56 60 62 57 56
47x40: 18 37 32 37 25 45
44x42: 23 33 33 42 24 41
47x37: 31 28 31 28 27 35
49x48: 68 57 50 65 57 67
39x49: 53 54 38 46 46 59
41x48: 33 29 37 38 36 35
47x38: 47 49 31 43 54 52
37x50: 39 29 25 28 31 39
40x44: 48 38 51 43 45 46
45x37: 28 32 33 27 37 23
35x36: 31 34 27 40 36 26
37x37: 31 37 29 35 45 33
46x45: 30 35 41 33 47 38
50x36: 27 29 47 28 28 32
44x43: 30 34 30 32 31 38
40x46: 26 44 31 30 42 22
47x50: 46 37 37 44 33 42
47x44: 34 41 37 31 31 36
49x40: 33 35 42 27 33 37
47x44: 25 37 35 33 42 37
37x42: 22 30 31 29 29 27
49x36: 43 44 43 41 50 50
35x37: 28 34 46 22 40 28
38x43: 31 27 24 27 28 31
43x38: 48 45 47 36 42 36
50x39: 52 50 50 51 54 44
41x41: 47 29 34 52 57 39
44x49: 54 64 55 54 55 51
48x45: 52 43 71 72 44 48
47x42: 38 39 32 33 29 38
36x38: 24 32 17 23 29 19
46x47: 64 52 50 62 54 53
46x36: 27 31 22 41 29 29
42x42: 30 45 27 37 28 29
36x36: 32 37 37 32 30 32
50x41: 34 32 38 34 30 39
42x40: 35 46 54 40 47 35
49x46: 62 57 65 55 66 43
42x37: 36 45 47 30 41 40
35x48: 34 34 35 29 23 21
45x40: 30 31 31 29 42 31
45x49: 55 50 58 59 55 61
45x46: 69 43 45 58 49 58
40x45: 45 46 59 43 38 46
38x35: 20 11 17 37 24 22
46x45: 31 45 35 39 29 46
35x35: 28 39 29 32 30 31
36x43: 49 39 35 35 43 40
45x50: 44 37 41 40 34 44
44x42: 24 41 27 39 43 22
48x36: 36 26 28 43 31 27
41x36: 34 37 37 33 46 39
35x44: 29 20 19 30 28 27
39x39: 24 34 29 33 24 25
41x35: 33 36 40 40 30 41
47x41: 64 37 55 51 52 40
45x41: 50 41 36 51 56 50
38x46: 38 37 44 45 54 48
36x44: 34 35 25 17 30 27
45x48: 52 44 54 61 60 59
38x38: 23 24 24 29 25 18
36x39: 36 33 41 32 40 34
45x35: 40 43 36 36 53 35
36x50: 47 35 52 43 54 45
48x46: 55 54 66 45 65 54
47x38: 50 50 54 36 42 45
45x37: 19 30 35 26 36 33
36x41: 20 26 27 27 28 27
36x49: 50 46 45 40 55 37
41x42: 24 30 32 39 32 25
41x39: 34 47 43 49 37 35
50x37: 55 53 46 43 49 42
46x36: 34 20 30 36 29 31
37x40: 46 36 38 32 42 36
39x35: 42 34 32 33 42 29
37x44: 32 31 21 23 28 32
50x36: 41 40 57 50 44 43
44x46: 49 38 29 33 35 26
47x48: 52 45 33 28 40 42
46x35: 30 21 20 34 31 28
41x40: 19 38 32 27 30 23
44x43: 50 37 47 49 54 53
46x44: 31 32 27 38 44 38
45x50: 37 40 32 43 52 36
36x39: 21 31 35 24 19 26
44x38: 33 27 28 28 26 26
35x49: 54 44 58 42 30 39
48x46: 53 56 70 62 46 52
38x38: 45 46 32 38 36 29
43x42: 41 49 50 40 50 47
38x46: 47 46 48 46 34 49
43x50: 59 67 48 44 64 52
35x43: 36 32 38 43 43 38
36x48: 49 49 41 44 44 41
50x42: 58 44 62 59 51 49
35x43: 26 32 23 27 20 25
48x50: 32 44 43 39 47 51
39x48: 45 58 47 40 60 39
50x48: 65 52 55 76 60 61
46x40: 50 32 41 55 49 55
36x48: 52 36 45 33 42 59
47x42: 43 38 62 55 47 55
37x42: 39 40 32 43 47 38
44x41: 42 43 44 48 39 60
39x42: 27 31 29 30 34 30
40x45: 38 48 51 49 53 36
50x43: 35 44 36 36 39 34
47x50: 43 27 50 33 41 46
42x47: 41 50 53 49 51 57
41x37: 36 40 44 34 35 44
44x41: 34 28 29 29 22 39
38x42: 51 42 34 45 35 42
43x45: 46 51 52 55 44 49
46x49: 36 39 36 49 41 39
36x47: 39 25 29 28 31 27
44x42: 48 56 48 45 47 42
37x36: 14 22 26 25 23 33
41x47: 28 31 33 34 40 29
43x36: 46 30 32 47 44 40
39x50: 27 41 26 35 38 40
38x42: 41 35 45 47 41 36
35x41: 27 27 25 21 19 24
35x39: 20 24 25 23 25 26
50x37: 41 34 50 46 47 63
43x41: 35 27 26 35 25 34
38x38: 43 35 46 34 39 27
48x36: 32 33 25 31 38 33
49x36: 23 29 40 44 22 33
42x38: 41 42 34 50 37 42
37x40: 22 31 18 25 33 26
45x47: 34 34 38 44 36 39
38x40: 39 31 42 43 41 37
35x46: 31 29 33 23 24 25
41x44: 44 52 47 50 39 46
42x38: 42 48 37 31 50 39
37x50: 49 51 46 41 41 58
46x49: 53 61 58 59 49 66
43x37: 23 27 26 38 33 20
46x42: 47 66 41 40 53 52
40x41: 41 48 42 52 33 37
45x49: 44 33 45 36 38 43
36x47: 47 47 47 46 40 35
37x38: 24 28 25 19 26 21
38x39: 42 42 37 28 40 41
48x49: 49 42 33 42 46 44
37x43: 35 39 47 39 38 45
47x36: 37 26 27 33 34 23
42x48: 38 49 45 29 26 37
39x46: 32 31 29 38 28 36
43x46: 48 65 54 56 34 49
43x41: 27 31 26 32 34 32
47x47: 43 28 49 37 35 33
40x42: 30 29 27 35 33 27
39x44: 32 24 42 25 24 34
47x49: 55 70 53 57 59 61
42x40: 32 25 29 25 42 28
41x42: 35 47 48 44 45 44
46x45: 29 46 33 39 45 32
49x45: 49 41 35 39 43 33
50x42: 56 55 58 46 66 43
39x36: 27 25 29 27 25 23
48x40: 33 45 25 31 38 36
47x50: 52 57 68 60 61 61
38x39: 29 26 25 24 24 28
50x35: 30 26 23 31 26 40
43x48: 34 31 42 36 48 32
45x36: 41 40 42 42 40 44
48x44: 33 24 38 34 38 57
49x39: 53 52 47 47 49 48
46x50: 41 41 41 46 30 40
35x44: 27 28 24 23 26 26
45x47: 48 61 52 55 46 63
42x36: 22 30 19 35 32 29
43x44: 45 53 56 49 43 45
46x45: 37 37 34 42 39 35
43x43: 30 33 28 28 45 32
47x37: 37 48 53 38 54 36
40x35: 27 34 34 41 43 34
48x36: 42 42 46 46 48 41
46x38: 44 52 45 37 52 40
47x49: 65 43 68 65 60 53
49x36: 49 55 54 39 39 38
45x50: 64 57 62 50 52 63
49x41: 53 59 43 51 47 58
45x40: 51 50 41 49 44 44
46x43: 54 39 51 60 46 54
38x36: 37 33 39 36 25 41
46x41: 42 37 51 51 55 51
36x35: 31 41 30 31 37 25
39x49: 56 61 52 41 42 46
35x48: 24 26 37 35 22 31
40x42: 47 51 40 38 45 40
43x37: 27 23 30 23 39 26
49x35: 28 34 22 40 28 23
42x45: 34 30 38 44 33 31
36x46: 45 45 42 34 39 51
43x38: 20 36 25 39 27 21
41x35: 26 29 39 43 38 42
43x46: 28 37 32 42 34 37
41x45: 42 51 44 45 51 50
39x39: 34 26 23 31 30 24
43x46: 31 52 49 59 57 51
49x46: 62 62 62 53 63 47
40x36: 35 34 41 44 34 33
44x43: 29 35 34 38 32 27
37x39: 23 36 28 27 21 21
50x36: 51 42 54 39 38 54
50x45: 46 44 37 44 34 35
43x47: 38 64 61 51 45 50
50x50: 48 42 46 38 46 35
48x45: 43 36 50 45 33 32
41x38: 26 30 26 27 28 18
35x46: 44 51 38 39 46 32
39x41: 29 25 29 24 25 36
46x45: 34 44 35 30 39 43
39x44: 35 39 35 50 56 46
39x49: 37 30 39 34 31 36
36x47: 31 27 35 27 39 21
35x37: 33 30 38 34 31 33
43x46: 38 36 25 39 32 39
38x48: 37 54 47 54 50 37
37x40: 31 18 30 24 27 25
41x38: 27 27 18 31 30 22
35x39: 38 28 27 32 33 52
44x43: 52 53 47 49 43 49
40x38: 27 27 35 22 22 23
35x40: 36 39 38 41 36 26
41x46: 57 48 49 51 39 49
46x48: 45 42 30 42 34 47
38x47: 33 23 35 32 29 28
49x37: 35 53 52 36 47 54
44x50: 56 51 57 54 66 54
48x35: 28 31 29 29 27 32
50x38: 29 24 48 29 29 33
35x43: 42 46 28 39 35 44
37x42: 26 31 28 23 30 30
47x42: 54 59 57 45 43 48
47x49: 41 35 39 42 42 41
41x37: 31 43 40 36 42 40
46x50: 53 63 60 48 68 61
47x41: 50 57 54 38 55 44
43x36: 48 34 47 35 37 39
40x36: 23 24 27 27 31 24
43x47: 52 64 51 46 46 54
39x44: 27 41 22 27 33 31
36x41: 35 47 34 36 36 40
45x44: 45 49 49 48 56 56
48x37: 49 41 48 42 44 50
35x42: 33 38 37 42 36 39
49x40: 42 35 31 35 26 38
43x42: 58 50 51 38 47 38
45x36: 37 47 44 36 43 42
50x36: 50 50 41 51 41 46
48x49: 42 43 38 41 45 46
49x40: 32 41 25 36 45 29
38x47: 24 27 35 35 32 26
36x41: 25 31 30 24 27 19
40x42: 26 36 36 28 28 28
35x48: 41 49 54 35 36 44
40x45: 33 39 30 35 25 33
44x36: 49 44 38 31 43 42
45x46: 48 66 51 56 48 50
50x35: 35 19 29 31 30 31
38x44: 30 30 26 28 30 24
50x42: 61 52 43 50 58 61
39x48: 51 47 46 46 43 56
42x46: 29 35 34 49 34 29
40x42: 50 45 45 45 38 38
48x46: 61 55 55 49 61 60
46x40: 31 40 27 32 37 28
46x41: 45 52 53 51 44 45
46x43: 54 55 52 50 44 51
47x36: 30 30 25 25 28 42
49x38: 44 50 53 42 46 51
40x36: 37 46 37 35 35 33
37x35: 25 21 21 18 23 23
35x41: 22 37 32 39 41 46
41x46: 43 48 38 52 51 57
49x44: 67 54 61 54 48 51
48x37: 28 26 23 43 38 34
36x35: 22 15 13 22 31 28
43x48: 34 36 41 44 41 28
39x41: 34 27 26 29 19 34
48x46: 30 55 46 39 39 30
39x41: 42 37 41 46 41 39
39x45: 27 30 37 41 35 24
41x41: 26 18 27 31 29 37
42x36: 32 47 37 44 38 34
43x35: 24 26 26 32 14 31
45x46: 46 49 53 49 58 61
41x45: 56 50 36 43 54 48
38x48: 46 43 57 43 56 35
44x36: 32 26 25 22 29 33
38x41: 42 51 36 36 33 44
37x42: 42 40 35 40 50 33
49x36: 27 43 39 31 21 30
47x37: 34 39 27 27 28 25
40x42: 19 25 36 33 34 35
39x45: 41 64 37 47 40 43
47x47: 60 55 55 55 51 65
42x43: 28 24 31 38 38 37
39x40: 30 25 26 28 27 33
43x43: 48 47 45 46 67 32
36x39: 40 41 32 40 35 30
43x47: 53 42 48 59 55 53
40x47: 45 59 34 53 44 55
45x35: 15 29 25 40 23 32
50x35: 35 19 33 27 28 33
41x40: 36 29 22 28 21 33
50x47: 40 39 42 46 30 43
41x49: 55 55 58 41 51 51
44x37: 32 31 26 23 32 23
38x50: 30 28 37 38 29 30
44x40: 56 51 44 35 45 44
46x38: 46 49 40 43 46 46
48x35: 28 27 34 39 21 26
48x40: 32 40 39 28 32 37
35x38: 21 25 16 17 31 21
37x39: 20 24 33 27 30 22
41x38: 34 39 46 37 40 42
40x47: 39 32 34 29 37 23
49x44: 41 41 40 29 41 31
50x37: 61 50 30 47 51 50
49x45: 53 54 62 58 64 47
39x45: 34 26 36 35 33 30
47x35: 37 37 41 39 43 54
39x38: 33 39 42 56 33 24
43x40: 53 48 44 35 45 43
46x44: 35 35 33 26 43 38
42x44: 46 47 41 67 43 40
50x40: 55 52 57 62 38 45
39x37: 37 35 45 30 37 38
35x41: 35 33 49 25 39 39
47x40: 61 40 52 40 50 49
37x49: 47 45 49 41 55 42
35x50: 29 23 24 37 31 31
43x44: 39 30 37 35 24 31
39x39: 30 48 31 34 45 45
45x49: 41 40 42 37 49 30
45x39: 29 53 41 48 50 46
35x47: 45 35 46 37 41 49
39x37: 19 27 25 33 26 26
42x39: 38 25 29 26 38 25
45x46: 55 45 44 53 65 56
38x42: 45 42 41 35 35 49
47x44: 37 35 39 34 33 32
35x37: 25 23 18 18 21 27
41x35: 22 19 24 21 35 21
39x38: 34 45 50 35 32 32
42x45: 60 46 44 54 41 49
46x46: 61 48 56 56 51 55
47x48: 61 50 64 48 61 63
36x47: 44 45 40 47 38 47
44x37: 41 44 38 43 42 43
48x48: 41 29 50 45 50 41
48x37: 42 27 31 30 27 35
36x35: 23 20 22 28 18 21
47x41: 41 41 48 51 61 51
47x49: 59 55 54 57 66 63
40x37: 28 50 45 30 37 37
43x44: 46 50 57 45 46 47
38x46: 27 21 33 40 33 26
44x42: 41 34 32 33 29 26
40x48: 52 45 53 47 47 52
38x39: 24 27 28 27 30 20
50x48: 64 68 64 63 58 54
50x36: 34 33 36 28 34 26
38x43: 45 38 44 52 32 41
40x35: 28 23 27 20 19 26
35x40: 28 26 20 22 23 24
41x50: 56 48 60 53 55 44
49x48: 62 63 57 68 60 53
40x42: 33 32 30 27 26 34
49x42: 40 22 42 43 40 37
45x48: 68 53 60 48 53 54
35x45: 44 35 50 44 38 32
36x43: 30 25 33 32 20 28
49x47: 28 48 26 36 52 50
37x40: 25 22 23 32 29 25
35x37: 25 15 27 25 15 25
39x46: 44 47 41 38 45 61
40x43: 36 46 43 43 58 37
41x38: 35 26 30 24 24 16
48x48: 67 51 61 53 63 61
39x40: 22 25 24 38 27 32
35x49: 35 39 53 46 40 48
49x49: 60 61 62 70 49 67
45x38: 41 40 49 39 45 48
35x47: 43 46 41 49 40 35
38x48: 42 43 45 47 55 47
36x37: 28 21 27 27 15 26
46x47: 32 39 29 40 46 38
43x45: 54 49 52 47 46 51
45x40: 47 44 52 45 49 40
43x35: 39 39 33 31 50 40
43x49: 55 55 55 54 52 54
44x45: 28 39 31 34 38 39
47x38: 33 44 55 41 43 55
42x47: 39 47 54 53 42 65
50x47: 68 74 59 50 57 58
36x42: 32 25 30 27 26 27
36x43: 25 31 29 30 26 27
41x50: 48 50 53 53 60 50
49x47: 69 50 66 54 65 52
41x49: 33 34 34 41 29 37
50x36: 32 30 35 27 35 32
39x43: 32 28 31 23 29 38
47x38: 33 22 27 30 35 32
45x35: 53 32 50 35 38 37
40x38: 27 24 21 35 27 22
48x46: 53 64 61 63 48 51
35x47: 21 42 27 32 21 21
49x37: 28 23 36 37 36 32
48x39: 30 34 37 25 46 36
46x39: 46 45 47 37 47 54
48x44: 35 40 24 46 34 44
46x45: 59 57 42 59 52 52
40x38: 39 38 28 41 51 37
35x44: 38 35 30 43 45 45
35x45: 33 17 28 29 30 27
47x50: 46 37 38 46 29 44
46x43: 51 52 47 56 52 47
45x40: 27 30 37 35 40 25
38x36: 32 42 31 37 39 30
46x49: 40 38 43 40 35 43
47x40: 32 36 33 26 36 31
50x38: 28 35 40 31 32 26
44x37: 16 35 18 37 31 30
36x49: 50 44 38 45 41 55
41x35: 18 41 19 22 20 22
49x46: 42 43 33 37 51 34
49x43: 38 42 31 29 39 45
50x43: 33 65 64 55 64 45
36x39: 22 25 28 25 26 29
46x42: 40 35 30 31 39 35
44x49: 31 36 40 38 42 36
35x41: 22 27 21 20 33 20
36x37: 23 24 21 30 25 20
42x48: 42 61 41 62 49 54
47x42: 37 34 33 36 35 34
36x43: 22 27 31 29 29 30
37x40: 34 45 35 38 33 43
39x42: 32 32 37 27 26 28
39x42: 41 43 39 42 39 48
46x35: 42 48 46 38 46 29
41x38: 50 33 43 32 37 47
49x45: 41 46 38 38 31 45
42x47: 59 47 49 51 47 53
49x39: 26 36 27 42 35 41
49x48: 60 60 51 61 66 64
40x43: 45 43 51 40 53 33
47x39: 41 24 33 31 36 30
35x47: 31 28 31 22 24 29
43x36: 29 30 24 20 31 33
38x46: 38 43 57 39 41 49
47x47: 35 41 38 35 42 34
35x49: 40 40 32 24 20 19
38x46: 26 28 30 43 25 28
46x35: 34 43 48 44 34 43
37x46: 34 26 32 31 30 27
50x44: 62 47 61 51 68 50
45x35: 27 22 23 30 31 32
44x49: 38 29 49 32 39 36
43x49: 43 41 36 36 33 35
38x37: 26 29 27 22 24 16
46x44: 40 33 34 45 30 27
40x39: 25 31 30 33 30 20
36x39: 26 22 31 37 21 19
50x45: 47 38 39 35 37 44
45x35: 35 29 18 25 31 26
41x37: 34 38 42 37 41 40
37x35: 36 39 32 30 35 29
46x39: 48 47 45 50 41 46
35x43: 24 27 21 26 28 27
45x49: 49 47 65 57 61 57
39x39: 36 36 46 38 34 43
42x47: 63 54 59 46 45 41
43x46: 49 49 41 60 54 51
36x42: 39 22 34 28 22 23
50x39: 27 31 42 31 36 41
37x35: 17 19 22 27 32 15
37x40: 42 43 50 27 30 38
40x48: 31 35 36 35 33 38
39x44: 32 32 29 30 37 22
38x45: 29 32 28 23 32 36
37x37: 39 34 33 42 25 39
49x48: 62 57 48 72 69 54
40x35: 36 25 36 37 42 38
45x36: 52 44 45 44 37 31
44x41: 46 54 43 48 45 43
43x39: 26 44 24 25 30 33
48x37: 32 35 34 34 30 27
44x44: 21 33 42 34 34 31
44x47: 41 53 72 55 47 47
35x38: 20 24 24 30 15 18
46x35: 65 29 37 48 36 38
37x37: 18 26 23 23 27 27
39x43: 35 33 29 32 25 28
50x36: 38 47 51 38 54 47
49x49: 41 53 41 37 42 41
36x46: 47 47 42 41 34 46
35x42: 25 28 31 21 23 25
45x40: 24 25 34 47 35 30
49x42: 31 35 48 47 24 38
45x39: 37 31 33 28 31 35
35x43: 37 36 34 43 43 38
50x43: 35 49 34 46 30 30
35x43: 32 20 27 28 26 21
48x39: 34 35 37 33 35 33
41x40: 31 29 27 23 32 27
47x43: 45 51 53 53 51 56
49x42: 32 34 40 43 35 40
40x47: 48 51 50 44 45 52
