97819,50153
97819,51361
97695,51361
97695,52560
97478,52560
97478,53816
98081,53816
98081,54975
97418,54975
97418,56200
97473,56200
97473,57459
97673,57459
97673,58694
97628,58694
97628,59810
96976,59810
96976,60944
96485,60944
96485,62061
95974,62061
95974,63248
95748,63248
95748,64662
96214,64662
96214,65764
95642,65764
95642,66755
94801,66755
94801,67896
94390,67896
94390,69110
94141,69110
94141,70168
93526,70168
93526,71446
93369,71446
93369,72267
92298,72267
92298,73226
91531,73226
91531,74355
91073,74355
91073,75528
90666,75528
90666,76633
90131,76633
90131,77691
89515,77691
89515,78771
88919,78771
88919,79538
87908,79538
87908,80478
87135,80478
87135,81550
86514,81550
86514,81966
85154,81966
85154,83369
84879,83369
84879,84065
83848,84065
83848,84550
82633,84550
82633,85553
81914,85553
81914,86608
81224,86608
81224,87400
80297,87400
80297,87882
79129,87882
79129,89069
78496,89069
78496,89747
77476,89747
77476,89792
76042,89792
76042,90412
75009,90412
75009,91317
74144,91317
74144,91746
72996,91746
72996,92544
72050,92544
72050,93038
70940,93038
70940,93570
69850,93570
69850,93848
68650,93848
68650,94995
67806,94995
67806,95319
66619,95319
66619,95177
65280,95177
65280,95556
64133,95556
64133,96445
63128,96445
63128,96494
61879,96494
61879,96939
60734,96939
60734,97073
59516,97073
59516,97437
58345,97437
58345,97884
57178,97884
57178,97310
55871,97310
55871,97628
54689,97628
54689,97534
53466,97534
53466,97639
52263,97639
52263,98179
51066,98179
51066,98009
49846,98009
49846,97587
48641,97587
48641,97442
47441,97442
47441,97554
46225,97554
46225,97865
44977,97865
44977,97399
43808,97399
43808,97907
42503,97907
42503,96814
41454,96814
41454,97405
40099,97405
40099,96388
39078,96388
39078,96382
37832,96382
37832,96415
36557,96415
36557,95283
35632,95283
35632,95832
34169,95832
34169,94609
33315,94609
33315,94140
32203,94140
32203,93620
31115,93620
31115,93612
29791,93612
29791,92816
28827,92816
28827,92854
27439,92854
27439,92120
26444,92120
26444,91350
25479,91350
25479,91029
24243,91029
24243,90150
23354,90150
23354,88965
22693,88965
22693,88616
21452,88616
21452,87622
20684,87622
20684,87088
19560,87088
19560,86108
18800,86108
18800,85166
18022,85166
18022,84526
16968,84526
16968,83798
15983,83798
15983,83275
14768,83275
14768,82119
14219,82119
14219,81229
13385,81229
13385,80353
12529,80353
12529,78959
12338,78959
12338,78258
11257,78258
11257,77432
10316,77432
10316,76306
9804,76306
9804,75257
9186,75257
9186,74070
8808,74070
8808,73346
7617,73346
7617,72112
7336,72112
7336,71130
6571,71130
6571,69839
6453,69839
6453,68884
5601,68884
5601,67730
5195,67730
5195,66371
5358,66371
5358,65433
4369,65433
4369,64085
4595,64085
4595,62951
4183,62951
4183,61942
3257,61942
3257,60761
2939,60761
2939,59474
3133,59474
3133,58235
3186,58235
3186,57057
2924,57057
2924,55964
1943,55964
1943,54727
1983,54727
1983,53526
1643,53526
1643,52258
2454,52258
2454,51063
1936,51063
1936,50143
94800,50143
94800,48628
1967,48628
1967,47420
2174,47420
2174,46235
2572,46235
2572,45009
2439,45009
2439,43789
2455,43789
2455,42617
2817,42617
2817,41320
2452,41320
2452,40171
2941,40171
2941,39071
3579,39071
3579,37926
3978,37926
3978,36593
3706,36593
3706,35458
4168,35458
4168,34184
4208,34184
4208,33283
5303,33283
5303,32050
5479,32050
5479,31124
6400,31124
6400,29843
6498,29843
6498,28596
6717,28596
6717,27511
7282,27511
7282,26340
7694,26340
7694,25288
8327,25288
8327,24719
9728,24719
9728,23535
10122,23535
10122,22481
10731,22481
10731,21219
11068,21219
11068,20260
11832,20260
11832,19402
12719,19402
12719,18681
13753,18681
13753,17399
14147,17399
14147,16842
15341,16842
15341,15813
16031,15813
16031,15227
17157,15227
17157,14012
17695,14012
17695,13399
18782,13399
18782,12438
19572,12438
19572,12015
20791,12015
20791,11392
21840,11392
21840,10247
22519,10247
22519,10010
23828,10010
23828,9084
24678,9084
24678,8491
25744,8491
25744,7863
26788,7863
26788,6987
27707,6987
27707,6573
28870,6573
28870,5960
29935,5960
29935,5408
31033,5408
31033,4964
32177,4964
32177,4548
33332,4548
33332,4435
34588,4435
34588,4188
35787,4188
35787,4063
37014,4063
37014,3490
38116,3490
38116,3175
39292,3175
39292,3040
40506,3040
40506,2347
41616,2347
41616,2950
42946,2950
42946,2088
44053,2088
44053,2542
45327,2542
45327,2293
46520,2293
46520,2372
47737,2372
47737,1604
48928,1604
48928,1823
50154,1823
50154,2178
51365,2178
51365,1738
52602,1738
52602,1788
53826,1788
53826,2273
55007,2273
55007,2068
56260,2068
56260,2614
57414,2614
57414,3231
58537,3231
58537,2920
59832,2920
59832,3681
60904,3681
60904,3946
62081,3946
62081,4131
63283,4131
63283,4652
64387,4652
64387,4844
65596,4844
65596,5340
66703,5340
66703,5487
67945,5487
67945,5728
69166,5728
69166,6794
70019,6794
70019,7116
71206,7116
71206,7226
72517,7226
72517,7707
73651,7707
73651,8446
74640,8446
74640,9118
75664,9118
75664,10000
76545,10000
76545,10362
77777,10362
77777,11195
78686,11195
78686,12344
79340,12344
79340,12818
80515,12818
80515,13383
81638,13383
81638,14591
82196,14591
82196,14977
83505,14977
83505,16181
84036,16181
84036,16826
85122,16826
85122,17980
85670,17980
85670,19070
86263,19070
86263,19578
87553,19578
87553,20767
88016,20767
88016,21839
88608,21839
88608,22815
89324,22815
89324,23773
90072,23773
90072,24865
90613,24865
90613,25784
91439,25784
91439,26819
92080,26819
92080,27995
92456,27995
92456,28855
93456,28855
93456,30075
93733,30075
93733,31143
94332,31143
94332,32193
94995,32193
94995,33560
94829,33560
94829,34660
95352,34660
95352,35816
95717,35816
95717,36836
96569,36836
96569,38156
96354,38156
96354,39394
96376,39394
96376,40441
97281,40441
97281,41617
97650,41617
97650,42900
97353,42900
97353,44047
97963,44047
97963,45312
97609,45312
97609,46476
98312,46476
98312,47743
97494,47743
97494,48929
98347,48929
98347,50153
